5078,968063,4,2001-2-13
7859,35292,1,2001-5-24
9232,214588,5,2004-5-16
5078,963261,3,2001-11-25
9819,49510,2,2007-11-15
8432,49564,1,2005-9-29
2936,49564,2,2002-2-17
1929,899506,4,2005-7-10
3980,631950,1,2007-1-26
5078,655922,3,2004-3-1
9819,35292,1,2004-1-29
4889,214588,5,2003-1-1
3201,919587,4,2004-11-25
7982,685949,3,2000-7-20
7982,987294,3,2000-4-22
1866,713542,5,2005-6-6
7982,320026,4,2006-8-14
3201,74407,4,2007-1-16
7982,300797,3,2003-7-25
8036,713542,4,2004-6-13
8602,535536,5,2005-11-10
8036,77188,3,2001-9-25
1866,300797,4,2006-4-28
2806,916361,3,2005-6-28
1866,520980,5,2000-11-25
9819,535036,2,2006-9-24
7982,860023,5,2000-3-15
4889,915735,3,2005-6-17
3980,685949,1,2004-4-20
1929,35292,3,2004-3-1
3201,535257,4,2001-4-25
7581,330849,1,2004-8-2
1866,520980,4,2001-5-22
5988,764442,5,2006-1-28
6246,279700,1,2001-3-27
7581,866970,2,2002-5-2
9618,916361,3,2004-11-2
9232,320026,5,2005-11-16
7982,520980,4,2004-7-17
5988,790447,4,2001-8-9
8432,330849,4,2000-1-19
3980,929612,1,2004-11-25
7982,951217,3,2001-4-20
5988,74407,5,2006-1-7
7581,535536,2,2006-8-1
7859,43887,3,2005-6-11
5988,414991,4,2007-8-6
7859,968063,1,2007-3-1
9819,951217,1,2007-5-21
5078,929612,4,2002-11-21
3980,535257,1,2006-9-16
7581,633827,1,2002-3-15
2806,74407,4,2007-10-28
2936,302499,1,2001-5-16
7982,414991,2,2005-6-10
2806,631950,2,2002-4-18
5078,302499,5,2002-1-21
3980,713542,2,2003-6-19
3201,737360,2,2002-4-21
2936,300797,3,2005-5-15
8036,920083,5,2005-1-10
5988,414991,5,2006-3-16
9232,214588,5,2001-1-6
2806,987294,2,2001-2-6
2936,271289,3,2006-5-23
7859,920083,1,2007-9-20
4889,580922,3,2005-2-29
7859,713542,1,2000-7-24
7581,271289,2,2003-5-27
9819,633827,1,2005-8-10
8602,920083,4,2006-1-23
9618,677119,5,2002-6-22
5078,535536,4,2006-5-22
8602,580922,2,2004-9-23
4889,460334,2,2000-7-16
9618,74407,4,2007-2-25
5078,631950,3,2007-5-6
2806,816098,3,2000-9-5
9232,920083,5,2007-1-7
8432,951217,3,2003-7-6
8432,929612,3,2004-1-5
8036,237967,5,2004-3-16
8602,294028,4,2004-8-18
2806,963261,3,2004-10-27
8432,237967,4,2002-1-9
4889,987871,4,2007-7-6
2936,294028,3,2007-11-23
6246,631950,4,2003-8-1
4889,790447,3,2006-5-16
7859,49510,1,2002-7-15
9819,214588,4,2002-11-22
7859,22151,1,2004-7-18
7581,816098,1,2002-2-29
3980,271289,4,2000-7-19
9232,655922,5,2005-8-12
2806,535536,3,2007-5-28
2936,605519,2,2004-7-17
2806,631950,2,2000-6-16
1929,633827,2,2007-11-26
5078,74407,2,2002-10-14
9618,633827,4,2007-8-21
1929,605519,3,2007-10-1
5078,300797,3,2001-3-12
3201,49510,4,2004-5-26
9232,987871,5,2004-6-25
8432,300797,2,2001-10-18
6246,783174,1,2003-9-7
2936,677119,2,2005-7-22
2806,951217,3,2003-1-15
2806,633827,1,2005-1-22
9618,916361,3,2001-7-12
2806,764442,3,2002-5-10
1929,49564,4,2006-4-25
7982,535036,5,2000-8-13
7581,214588,1,2007-11-25
8432,631950,2,2004-11-19
7859,787710,1,2007-6-15
2936,300797,3,2007-3-27
3980,535536,1,2005-4-17
7581,677119,1,2003-6-20
2806,369480,2,2000-5-27
4889,919587,3,2002-8-2
5078,460334,4,2005-7-28
7581,790447,1,2003-10-16
8432,963261,4,2000-1-1
4889,520980,3,2000-2-13
9232,816098,5,2002-9-4
2806,330849,1,2007-4-2
7859,987294,1,2001-7-25
6246,968063,1,2004-8-29
3201,535536,2,2001-10-1
1929,860023,2,2006-4-24
6246,916361,3,2001-5-25
9618,866970,4,2000-8-5
2806,520980,2,2006-10-27
8036,920083,4,2002-3-11
5078,605519,3,2002-7-11
7581,899506,2,2002-6-28
6246,520980,1,2001-1-20
3980,866970,1,2005-5-11
4889,968063,2,2005-7-22
2806,279700,1,2005-4-20
2936,369480,3,2007-4-15
8602,580922,4,2005-4-12
9819,369480,2,2007-7-6
6246,271289,3,2007-1-25
9819,320026,4,2004-6-4
8036,916361,4,2006-1-8
2936,302499,3,2003-1-6
4813,929612,2,2007-8-24
8432,214588,3,2005-9-9
8036,320026,4,2003-8-11
1929,787710,2,2000-3-1
4889,294028,3,2002-9-29
4889,787710,3,2004-6-23
9232,951217,5,2006-8-14
8432,49510,2,2004-1-19
8602,685949,5,2000-1-1
5988,535257,3,2006-1-5
1866,49564,4,2001-3-25
1866,916361,3,2004-11-29
9618,35292,5,2001-9-9
9618,631950,5,2006-7-28
9618,49510,4,2004-10-1
9232,535536,5,2005-10-10
7982,987871,4,2000-4-12
5988,816098,5,2002-2-27
9618,816098,4,2007-9-8
7859,866970,1,2004-11-11
1929,580922,3,2000-4-12
8036,631950,4,2006-7-29
7581,214588,1,2007-6-18
1929,951217,2,2005-11-9
5078,920083,5,2003-8-15
2806,951217,2,2000-4-12
7581,764442,2,2005-7-26
8432,787710,2,2003-4-15
8036,963261,4,2003-7-2
7982,633827,4,2001-10-22
7859,764442,1,2002-6-20
7982,605519,4,2001-10-24
5078,535036,4,2002-2-26
4889,963261,3,2004-11-20
4889,237967,3,2007-7-15
3201,631950,3,2006-2-22
8602,302499,5,2002-10-24
4813,330849,2,2007-2-29
4889,951217,2,2005-1-27
5988,302499,5,2004-8-18
8602,535257,3,2004-4-11
9232,916361,4,2000-3-18
2936,764442,1,2005-3-26
9232,915735,5,2006-10-2
7859,580922,1,2000-5-27
8602,737360,5,2003-4-11
5988,49564,5,2000-1-26
1929,866970,2,2000-5-28
8432,74407,3,2002-6-5
9232,294028,4,2007-2-8
7982,330849,4,2004-1-5
9232,605519,4,2000-6-19
7859,919587,2,2002-1-17
9819,633827,4,2005-4-11
8432,271289,4,2000-3-20
9819,49564,2,2002-9-12
7581,330849,3,2005-5-21
7982,816098,4,2000-3-8
9618,987871,4,2001-3-19
7982,816098,4,2000-1-21
2806,920083,3,2004-5-13
7581,294028,1,2005-10-26
6246,987294,1,2002-1-9
8432,271289,3,2000-6-12
3201,713542,3,2005-5-2
4813,951217,1,2003-7-19
1866,685949,3,2001-6-23
4813,330849,2,2002-2-22
1929,302499,3,2004-5-1
2936,987871,3,2002-8-11
1866,22151,3,2003-9-26
6246,713542,2,2003-2-12
8432,963261,2,2006-6-12
8036,987871,5,2002-1-18
3201,737360,3,2004-4-10
7982,520980,5,2001-10-27
7859,300797,2,2004-5-29
7982,330849,3,2006-8-7
5988,633827,5,2000-1-11
7982,330849,4,2002-5-2
9232,790447,4,2000-8-27
9618,369480,3,2007-11-29
2936,49510,3,2004-4-1
8602,237967,5,2004-7-17
1929,77188,4,2002-5-26
5078,535536,4,2004-2-13
3201,460334,3,2004-10-8
7859,414991,3,2005-1-26
3201,787710,4,2007-1-21
9819,214588,3,2000-1-11
5988,535536,3,2002-11-1
4889,77188,5,2004-10-12
7859,580922,1,2004-1-4
4889,271289,2,2001-8-4
5078,737360,5,2000-5-28
8602,35292,3,2000-9-22
1866,677119,5,2002-2-10
7581,237967,3,2002-5-8
8432,633827,1,2002-1-12
8432,919587,2,2002-4-8
7581,816098,1,2000-10-4
7581,737360,2,2000-3-2
4813,790447,1,2000-5-24
1866,414991,4,2000-9-9
9819,860023,3,2001-1-1
7859,929612,1,2004-8-18
2806,787710,5,2005-10-22
3201,74407,4,2000-2-27
3201,460334,3,2000-10-21
7982,605519,2,2007-8-20
7982,737360,4,2000-10-2
7859,968063,1,2002-1-26
6246,899506,2,2002-10-1
4813,535536,1,2006-1-7
7581,535257,2,2007-1-5
7859,294028,1,2007-1-10
3201,535036,2,2003-7-23
2806,929612,3,2001-2-22
2936,535257,3,2000-1-17
9618,77188,4,2001-5-7
8432,74407,3,2005-2-25
9618,968063,2,2001-4-8
7859,580922,1,2005-1-25
3980,43887,1,2001-1-27
7581,271289,1,2001-1-9
4889,987294,3,2000-3-6
5988,919587,4,2003-8-25
3201,677119,2,2000-4-9
9618,968063,3,2006-5-13
4889,300797,4,2004-1-27
2806,300797,3,2002-1-29
6246,74407,1,2001-10-10
3201,294028,3,2002-9-15
2936,920083,3,2000-10-10
9819,987871,3,2004-2-15
7859,915735,1,2000-8-3
6246,414991,2,2006-10-3
7982,237967,5,2005-11-5
7581,237967,3,2006-1-2
3201,320026,3,2001-1-8
5078,655922,4,2005-1-6
9618,929612,4,2006-8-29
4889,414991,3,2005-11-1
4889,737360,3,2002-5-2
8036,535036,5,2001-1-21
5078,294028,3,2001-8-13
7859,968063,1,2005-10-16
7859,631950,1,2005-1-22
8036,535257,4,2007-11-18
4889,764442,5,2007-10-5
7982,951217,4,2001-5-5
5078,49510,3,2002-6-22
3980,74407,1,2001-8-11
1866,320026,4,2006-1-18
8432,919587,2,2002-5-6
9618,414991,4,2007-1-6
9819,783174,1,2003-3-1
9232,49564,5,2005-7-29
7581,22151,2,2003-9-22
2806,535257,3,2005-11-6
8602,866970,5,2000-4-5
3201,987294,3,2004-11-29
8432,713542,3,2002-6-17
3201,633827,4,2006-4-17
4889,737360,3,2006-2-14
9819,535257,2,2000-9-18
9819,369480,2,2007-10-10
1866,677119,3,2001-1-12
8432,787710,2,2006-8-9
7581,22151,3,2000-1-3
7982,764442,4,2005-10-23
8036,787710,4,2002-9-24
8432,414991,4,2002-2-17
4813,963261,1,2007-8-18
9232,764442,5,2002-7-15
1866,790447,3,2007-8-7
9618,535536,3,2006-7-8
9819,35292,1,2007-4-5
5988,713542,5,2000-7-11
8036,916361,4,2006-4-9
5988,320026,4,2001-9-19
5078,320026,3,2005-3-23
9618,919587,4,2001-1-1
8432,677119,3,2006-11-8
2806,866970,3,2000-7-16
6246,74407,1,2002-6-7
7982,713542,3,2007-1-24
4889,915735,4,2002-10-1
2806,860023,3,2000-8-11
1929,987294,3,2006-5-16
8432,816098,2,2001-5-21
8432,35292,3,2001-1-8
5078,968063,4,2004-2-7
8602,605519,5,2002-8-5
9819,963261,2,2002-4-20
2936,77188,4,2001-11-11
3980,535036,2,2007-1-8
2806,987294,3,2003-8-14
5988,929612,5,2000-11-1
2806,535036,3,2007-8-13
5078,916361,5,2002-10-11
5988,460334,3,2006-5-10
2806,919587,1,2001-9-20
7982,300797,4,2004-3-2
5988,929612,4,2004-1-22
5078,35292,4,2004-1-9
9232,685949,5,2002-11-14
9618,279700,3,2004-11-15
2936,300797,4,2007-9-26
3980,677119,1,2000-11-5
4889,302499,3,2006-1-11
1866,790447,4,2001-9-6
5078,677119,4,2001-9-3
8602,320026,5,2001-10-22
1866,951217,3,2004-1-21
4889,685949,3,2004-1-13
9618,35292,4,2003-2-15
7982,302499,3,2005-6-8
8602,49510,5,2000-3-22
5988,764442,5,2000-5-19
4889,685949,3,2000-6-8
9232,49564,5,2001-10-5
8036,49564,5,2002-11-10
3201,77188,3,2003-3-1
2806,294028,3,2002-5-8
9819,987294,2,2002-7-10
8036,320026,4,2002-2-8
4813,633827,2,2002-4-22
9618,43887,4,2002-6-3
7581,320026,2,2000-9-23
7982,764442,3,2007-9-23
8602,737360,5,2004-11-5
7859,633827,1,2002-7-26
7859,655922,1,2006-2-2
1929,535536,3,2006-1-3
6246,951217,2,2000-8-7
7581,520980,1,2007-3-21
5988,919587,5,2006-5-26
1866,737360,4,2000-6-5
5988,74407,5,2000-1-22
5078,633827,4,2003-3-19
1929,951217,3,2007-10-12
4889,302499,3,2007-9-22
2936,987871,5,2003-2-10
7982,302499,3,2002-10-7
3980,987871,2,2006-6-16
5988,520980,3,2005-10-1
1866,22151,4,2005-7-15
8602,963261,5,2005-10-11
7982,677119,5,2003-4-27
9819,460334,3,2003-1-14
7581,300797,2,2006-11-5
6246,279700,2,2007-1-19
1866,685949,4,2000-2-9
5988,237967,3,2005-3-20
7581,237967,1,2002-11-22
6246,685949,1,2004-1-27
3201,414991,3,2007-2-16
5988,35292,5,2007-3-20
9819,535536,4,2005-4-13
9232,300797,5,2000-2-4
8036,271289,4,2005-8-16
4889,655922,4,2001-3-5
4889,580922,3,2001-5-6
2806,987871,3,2005-6-14
4813,633827,3,2003-11-19
6246,899506,2,2001-9-23
3980,860023,2,2001-11-6
8602,35292,5,2005-1-9
8432,783174,3,2001-1-11
3980,968063,1,2007-7-10
2936,214588,2,2003-11-13
1929,633827,1,2001-11-18
9618,783174,5,2006-11-1
9618,414991,5,2002-8-1
5078,713542,5,2003-3-9
4889,866970,3,2003-11-2
5078,414991,4,2004-6-21
5078,866970,4,2005-9-11
8036,330849,4,2003-9-14
7581,866970,1,2006-2-4
9819,214588,2,2000-8-18
9232,951217,5,2004-5-29
8432,860023,3,2005-3-11
3980,655922,2,2004-1-9
1866,987871,5,2002-5-19
4813,816098,3,2000-1-4
9819,951217,3,2007-5-6
4889,520980,5,2001-8-18
9232,787710,5,2002-6-1
8036,963261,4,2001-7-22
1866,237967,5,2006-6-25
9618,49510,4,2004-8-12
7982,414991,5,2006-5-28
3201,271289,2,2004-11-8
9232,963261,5,2000-2-26
4813,271289,2,2003-2-17
1929,214588,2,2006-4-15
3201,790447,4,2007-5-26
3201,929612,2,2005-11-18
8036,74407,3,2003-4-11
1929,294028,3,2000-8-2
9819,951217,2,2007-5-5
4813,951217,1,2006-6-28
2806,279700,2,2000-9-23
9819,968063,2,2003-6-10
3201,302499,2,2003-8-9
9618,271289,2,2004-7-10
6246,816098,2,2004-3-19
8602,302499,5,2001-8-1
8602,302499,5,2006-9-14
1929,369480,3,2002-11-28
7859,580922,1,2001-1-25
7859,22151,1,2003-8-1
5078,787710,4,2000-8-20
8432,713542,2,2006-4-19
8036,963261,4,2002-2-1
1929,987294,2,2006-1-28
8036,271289,4,2001-10-17
6246,764442,1,2002-1-1
8432,787710,2,2002-6-25
2806,968063,2,2007-1-5
9232,866970,5,2005-10-20
3980,951217,1,2003-7-3
2806,963261,2,2007-7-29
5988,49510,4,2004-5-11
8036,633827,4,2006-2-16
1929,369480,3,2007-1-4
8602,77188,4,2002-6-21
1929,22151,4,2000-10-14
3980,237967,2,2003-5-29
5988,951217,5,2001-7-20
1866,294028,4,2002-7-18
9232,764442,5,2003-4-12
7859,580922,1,2002-6-6
8036,987294,5,2004-5-2
7982,22151,5,2004-10-2
7581,294028,2,2002-2-26
5988,35292,4,2002-4-29
8036,320026,5,2006-11-11
1866,860023,2,2005-3-1
1929,920083,3,2002-2-16
1929,920083,3,2000-5-17
3201,677119,3,2007-5-10
8432,22151,2,2003-3-10
4889,535257,4,2003-10-26
8432,279700,1,2002-1-10
4889,929612,4,2003-11-4
8036,816098,4,2000-4-18
8432,460334,3,2007-9-8
9819,271289,2,2004-7-10
3201,633827,4,2001-2-15
3201,35292,2,2004-10-1
2806,919587,2,2002-9-18
4813,460334,2,2000-3-6
9819,790447,2,2003-1-29
5078,987294,5,2004-2-21
7982,237967,3,2005-8-11
2936,414991,2,2002-1-29
2806,279700,3,2002-6-22
7581,790447,3,2002-8-5
8432,866970,4,2003-4-12
8432,605519,1,2000-9-5
9232,919587,5,2004-8-12
1866,860023,4,2005-4-22
9232,816098,5,2007-6-28
8036,968063,5,2001-4-16
9618,43887,2,2002-7-15
5988,294028,4,2003-8-10
9819,764442,2,2006-2-9
4813,968063,2,2002-8-1
7581,633827,2,2007-7-1
5078,713542,4,2004-6-1
8432,920083,2,2006-8-11
3201,968063,3,2005-1-9
4889,22151,5,2000-4-18
7982,605519,3,2007-2-15
3980,816098,1,2002-3-8
8432,764442,2,2004-3-8
7859,330849,1,2002-10-19
5988,963261,4,2007-9-17
5988,271289,5,2003-9-25
2936,655922,1,2005-1-6
3980,963261,1,2000-11-18
5078,783174,4,2001-2-14
7982,790447,2,2004-1-4
3201,920083,2,2000-11-13
8602,43887,5,2007-6-27
3201,790447,2,2001-5-17
7859,535036,2,2004-6-21
3201,414991,3,2007-11-27
9819,580922,2,2003-6-1
4889,49510,4,2005-10-10
2936,271289,3,2003-11-12
9618,685949,4,2001-1-27
9618,74407,3,2001-11-12
7859,320026,1,2005-3-10
9232,963261,5,2001-2-15
3980,302499,1,2004-1-18
4889,520980,3,2005-7-15
3201,369480,4,2000-9-12
8602,951217,5,2006-1-16
8036,535536,5,2002-8-22
5988,214588,5,2004-2-21
4889,968063,3,2000-9-16
7982,929612,4,2005-2-25
2806,74407,3,2005-9-22
1866,77188,5,2007-11-16
4889,580922,3,2003-1-3
8602,787710,5,2002-3-9
3980,520980,2,2001-1-6
2936,279700,4,2000-8-18
7859,43887,1,2003-7-18
9618,237967,3,2003-10-1
9819,320026,2,2002-7-10
2806,685949,2,2006-4-27
6246,49510,1,2005-1-13
7581,414991,1,2002-7-22
3201,520980,3,2000-7-29
1929,929612,3,2001-3-4
7581,816098,2,2001-9-10
5988,535536,4,2002-8-10
5988,330849,5,2007-6-3
8036,414991,4,2001-7-1
9618,302499,3,2004-6-13
7859,783174,1,2007-3-22
5078,987294,2,2000-8-3
1866,320026,2,2001-1-1
2936,77188,2,2004-3-1
2806,963261,3,2000-10-3
8432,535036,3,2002-5-9
9618,237967,5,2005-11-2
1929,414991,3,2001-10-29
9618,783174,4,2006-8-19
9232,915735,5,2003-11-27
1929,987294,3,2003-1-10
7581,271289,2,2000-11-11
9618,77188,3,2002-2-16
9819,74407,3,2007-3-12
9232,899506,5,2004-2-15
2936,737360,3,2006-7-26
1929,22151,4,2000-10-12
2806,214588,3,2004-6-6
9232,237967,4,2005-3-8
3201,685949,3,2000-5-5
5078,43887,4,2000-1-13
7982,633827,5,2004-6-11
6246,866970,4,2003-8-23
8432,631950,2,2007-5-5
9819,271289,2,2000-8-16
9232,294028,5,2006-6-22
8432,580922,3,2005-9-14
9819,631950,2,2000-8-24
4889,963261,4,2000-5-12
2806,22151,1,2005-7-26
7859,790447,1,2007-2-18
2936,535257,5,2000-3-19
2936,320026,3,2003-5-26
8036,294028,5,2007-10-5
7581,968063,2,2001-6-10
1929,294028,3,2002-6-8
1929,919587,2,2002-2-26
9819,520980,2,2003-11-2
9232,369480,5,2002-3-27
1866,369480,4,2000-10-22
4813,787710,3,2001-9-26
7581,783174,1,2004-6-23
8602,320026,5,2006-7-19
8602,294028,5,2007-3-8
4813,460334,2,2000-9-5
2806,713542,2,2001-10-9
6246,535257,3,2004-2-18
2936,22151,3,2006-3-13
9232,787710,5,2000-2-3
9232,987294,5,2005-8-26
6246,633827,2,2001-1-15
3980,330849,4,2007-1-24
1929,77188,3,2003-11-25
7859,302499,1,2000-5-12
7982,22151,5,2000-9-7
5988,49564,4,2002-3-23
1929,49510,2,2007-1-29
5078,302499,4,2003-11-6
7581,535257,1,2001-3-14
8036,237967,5,2002-1-19
3201,535257,3,2000-6-5
2936,737360,3,2004-1-25
4889,77188,5,2002-11-2
5078,535036,4,2000-1-3
2806,535036,3,2002-1-13
5078,951217,5,2007-3-26
2806,915735,2,2007-11-1
7581,713542,2,2007-3-14
8602,520980,5,2004-6-6
7982,580922,4,2004-8-18
6246,929612,1,2007-1-9
7982,631950,4,2001-11-10
9232,300797,5,2007-1-21
6246,655922,2,2005-7-29
9618,915735,3,2006-1-1
1866,271289,4,2004-1-25
6246,535536,1,2004-1-18
7581,22151,2,2004-8-23
7581,535036,2,2002-11-19
6246,271289,3,2002-2-13
9819,49510,1,2003-1-5
2936,271289,3,2006-1-7
1866,49564,4,2007-5-25
7859,919587,1,2002-2-25
8432,816098,3,2004-6-4
8602,605519,5,2006-1-27
4889,279700,2,2001-7-29
8602,916361,5,2006-10-10
5988,237967,5,2006-8-15
8602,302499,5,2002-7-8
5988,685949,5,2002-1-10
7982,369480,5,2001-8-15
8036,330849,5,2004-10-6
9819,816098,3,2000-4-5
7982,787710,4,2006-2-19
7982,787710,4,2006-8-27
4813,899506,1,2004-11-10
2936,787710,3,2002-4-13
7859,919587,1,2002-11-13
7581,520980,2,2001-1-1
5078,737360,4,2006-6-20
6246,987871,2,2006-5-5
7982,963261,4,2000-7-10
1866,899506,4,2005-5-8
9618,866970,4,2005-10-23
5078,414991,3,2003-7-18
8602,816098,5,2000-7-15
8036,860023,4,2003-8-22
9819,737360,2,2004-2-1
2936,520980,4,2003-6-21
4813,987294,3,2005-2-1
9618,49510,4,2006-4-12
2806,369480,3,2000-9-16
7859,535257,1,2007-11-23
4889,74407,3,2003-1-15
1866,929612,4,2004-1-19
1929,294028,3,2006-3-17
9819,43887,2,2002-4-25
5988,987294,5,2002-1-12
5988,300797,5,2004-5-27
3980,22151,2,2001-2-27
2936,74407,3,2007-11-7
9232,987871,5,2002-4-1
9618,294028,4,2006-9-29
6246,49510,2,2005-1-4
4813,535036,3,2000-5-11
6246,300797,1,2003-3-2
9232,737360,3,2006-7-1
2806,302499,3,2007-8-17
1866,920083,5,2006-2-15
3980,866970,1,2002-8-22
3201,685949,3,2003-4-8
8036,787710,4,2007-6-1
3980,535257,1,2004-11-13
8036,294028,4,2002-4-24
8036,915735,4,2000-9-1
2806,685949,3,2006-11-27
2936,919587,3,2006-10-6
9232,414991,5,2007-6-26
3201,535536,3,2007-1-15
1929,535257,2,2001-3-18
9232,605519,5,2006-9-9
1866,816098,4,2004-10-1
1929,916361,3,2000-1-24
2936,860023,3,2004-10-9
7859,929612,1,2007-4-10
9232,294028,5,2002-3-14
7859,535036,1,2003-9-15
5988,237967,4,2002-11-11
9819,279700,1,2005-4-17
7581,214588,3,2002-1-18
7581,520980,2,2003-9-11
8432,369480,3,2001-6-3
1866,790447,4,2003-1-25
3201,790447,2,2001-2-3
1866,764442,3,2006-7-15
8602,899506,4,2006-2-27
8602,320026,5,2000-3-14
8602,535257,3,2001-7-27
1929,764442,1,2002-1-12
8432,951217,4,2004-11-10
8036,677119,4,2004-8-8
3980,271289,1,2001-9-19
1929,369480,3,2007-2-13
8602,330849,5,2003-10-2
4813,790447,1,2004-3-15
4813,43887,2,2004-6-1
9232,460334,5,2001-7-3
3201,951217,2,2003-6-2
4889,330849,3,2002-5-21
2806,237967,3,2003-8-18
4813,237967,2,2004-1-18
5078,916361,1,2003-10-27
7581,580922,2,2001-7-10
5988,633827,4,2002-8-11
5078,899506,3,2003-11-1
2806,790447,3,2007-4-23
9232,414991,5,2000-11-8
9819,631950,2,2004-4-10
1929,987871,3,2002-10-18
6246,685949,1,2000-11-4
7859,237967,2,2007-7-29
2936,49510,3,2007-2-9
7859,535536,1,2003-6-21
1866,520980,3,2006-2-6
2936,535257,3,2007-10-8
2936,460334,2,2004-7-26
1929,915735,3,2006-7-19
2936,330849,4,2002-6-17
5988,677119,3,2006-3-26
8432,294028,3,2001-4-9
5078,74407,4,2005-6-28
2806,631950,2,2006-2-1
8036,677119,1,2003-4-6
4889,214588,4,2004-3-19
5988,294028,5,2007-6-20
1866,535536,3,2004-9-2
5988,968063,5,2003-4-27
1866,535257,5,2006-5-6
3201,968063,3,2004-11-24
8036,302499,5,2000-4-15
4889,866970,3,2006-1-17
2806,866970,5,2004-3-24
9232,987871,5,2006-7-14
4889,535036,5,2000-4-18
8602,968063,5,2001-10-29
1866,320026,4,2000-5-20
6246,783174,4,2005-6-13
7581,920083,2,2001-10-14
8036,677119,5,2006-1-10
7982,43887,5,2000-6-12
5988,535036,4,2007-10-4
4813,783174,1,2003-11-17
1929,49510,2,2001-4-7
5988,737360,3,2004-3-1
8036,22151,5,2001-9-21
7581,929612,2,2004-1-14
8602,633827,4,2004-10-4
5988,631950,5,2000-9-10
7982,899506,2,2003-5-20
9819,35292,1,2000-1-10
3201,279700,3,2005-6-13
6246,300797,3,2001-7-5
9618,49510,4,2000-11-13
8036,49510,4,2002-1-9
1929,580922,4,2002-3-9
7581,520980,1,2007-7-27
2936,685949,4,2006-7-4
5078,535036,5,2000-7-8
2806,330849,2,2005-9-18
8036,279700,5,2002-2-2
1929,330849,2,2007-8-13
8432,49510,4,2001-4-18
2936,49564,5,2003-10-18
3980,369480,1,2002-3-9
8036,214588,2,2006-2-12
8432,764442,4,2001-1-14
9819,866970,2,2001-1-21
1929,929612,1,2003-8-3
3980,764442,1,2007-8-9
8432,214588,4,2000-2-3
2936,916361,4,2002-9-22
7982,916361,5,2001-1-20
5988,655922,5,2002-9-4
9232,580922,5,2005-2-15
1866,279700,4,2004-5-3
7982,237967,4,2002-9-24
7581,685949,1,2006-7-5
1929,631950,4,2004-2-12
3980,987294,1,2003-3-16
8432,294028,4,2002-5-3
7581,783174,1,2001-1-1
1929,77188,2,2007-1-21
1866,713542,4,2003-1-15
8036,22151,5,2004-7-1
4889,655922,1,2004-3-19
8036,535036,4,2002-7-26
3980,816098,3,2007-6-1
7859,899506,3,2001-9-7
2936,816098,2,2002-10-25
3980,49564,1,2006-3-4
5988,414991,5,2006-11-1
7581,279700,2,2004-10-5
1929,580922,3,2004-3-7
9232,535536,5,2000-1-28
7859,783174,1,2002-1-3
8602,764442,5,2002-6-18
1866,685949,3,2007-1-23
5988,43887,5,2006-3-18
1929,294028,2,2006-5-19
3980,49564,1,2000-1-18
7581,294028,1,2007-6-27
9819,302499,2,2004-9-15
7982,414991,5,2001-8-3
9232,214588,5,2002-1-25
8432,790447,3,2001-4-21
7859,535536,1,2007-2-3
9819,74407,4,2005-7-20
1866,866970,4,2005-5-17
8036,633827,4,2006-3-22
5988,300797,5,2000-7-21
5078,294028,3,2003-11-28
4889,987294,3,2002-6-18
3201,783174,2,2003-6-25
9618,294028,3,2000-1-8
9618,899506,2,2000-3-24
6246,49564,2,2001-4-6
9232,43887,5,2001-6-7
8432,535257,2,2001-6-21
8602,963261,5,2000-5-5
9618,74407,4,2002-1-5
9618,49564,5,2007-10-25
9232,968063,4,2006-1-11
9618,414991,5,2001-7-1
9819,713542,2,2000-5-18
8432,369480,4,2001-11-11
5078,764442,4,2002-6-8
2806,783174,4,2002-6-23
7859,414991,2,2000-10-26
4889,330849,3,2000-11-23
9232,987294,5,2006-2-5
2806,302499,2,2002-9-6
5078,414991,3,2000-1-22
9819,520980,2,2003-2-9
5078,968063,5,2006-5-22
3201,535036,4,2007-4-15
8432,300797,2,2007-8-7
2806,43887,1,2004-1-22
2806,35292,2,2004-1-17
6246,369480,4,2004-2-16
4813,22151,1,2004-8-24
8036,790447,3,2007-6-3
4813,968063,1,2003-4-5
6246,968063,2,2003-7-9
3201,237967,3,2002-10-24
2936,899506,3,2006-1-12
3201,74407,3,2004-5-26
9819,279700,1,2002-6-15
1929,22151,3,2000-10-16
1866,22151,2,2001-1-26
8602,237967,5,2005-10-1
4813,535036,2,2001-6-3
6246,713542,2,2005-3-28
8432,535257,3,2002-5-1
8602,279700,4,2000-10-25
6246,35292,3,2000-7-26
9819,816098,2,2005-1-9
8432,369480,2,2005-5-29
9232,860023,5,2004-1-16
7859,987871,3,2002-6-24
4889,294028,1,2002-1-2
5988,535536,4,2006-9-17
4813,330849,1,2002-9-20
4889,816098,2,2007-8-9
8432,35292,2,2002-2-25
5078,49564,4,2001-2-20
4889,77188,4,2003-5-1
8432,330849,2,2004-10-15
4889,633827,4,2000-10-28
6246,43887,3,2007-1-5
5078,929612,4,2000-5-13
7581,535036,4,2000-1-20
6246,535036,2,2006-1-21
7982,460334,3,2004-10-25
7581,915735,3,2000-1-26
4889,783174,3,2003-4-29
4813,816098,1,2004-3-14
5988,49510,4,2003-1-24
6246,520980,1,2000-8-15
5078,685949,3,2001-7-6
2806,279700,2,2002-1-21
7581,294028,2,2002-5-4
9232,916361,5,2001-1-2
6246,633827,1,2000-6-15
1929,631950,3,2003-8-12
3201,237967,3,2005-6-9
7581,77188,3,2002-9-17
1929,787710,3,2005-2-9
8432,860023,2,2003-6-23
4889,633827,3,2007-6-3
7859,764442,1,2006-6-26
1866,929612,2,2000-2-22
6246,816098,1,2006-10-21
9819,633827,2,2005-5-7
6246,764442,2,2005-4-18
3201,414991,3,2001-6-8
3980,920083,1,2000-9-24
2936,460334,3,2000-1-1
4889,77188,3,2006-4-26
9618,271289,3,2001-1-1
4813,49510,1,2004-5-20
7859,535257,1,2001-1-25
5078,535257,3,2001-1-8
5078,929612,4,2007-1-17
9232,783174,4,2003-8-5
2806,919587,2,2003-3-14
9819,764442,2,2000-8-2
4889,320026,2,2001-2-24
5988,214588,4,2005-3-1
9232,816098,4,2005-1-5
2806,214588,2,2000-11-10
5078,271289,2,2000-3-1
7982,790447,4,2003-9-1
8602,520980,5,2004-4-14
4889,633827,3,2007-11-14
1929,74407,3,2001-2-18
9232,49510,5,2002-11-5
8036,920083,4,2006-2-13
4889,677119,3,2006-5-25
5988,279700,3,2003-5-15
1866,920083,4,2002-8-8
8036,790447,5,2006-2-21
1929,920083,2,2000-2-19
7581,369480,2,2004-4-19
4889,633827,4,2000-10-1
8432,860023,2,2001-2-27
9232,43887,5,2002-8-25
1866,605519,4,2007-2-27
1929,713542,2,2007-2-10
5078,790447,4,2002-7-10
7859,35292,1,2006-6-26
3980,294028,2,2005-2-13
7859,302499,3,2005-6-28
8432,655922,3,2005-9-16
4889,915735,2,2007-3-28
8602,987294,4,2005-4-3
9618,22151,4,2005-1-24
8432,916361,2,2007-11-13
8432,677119,3,2000-10-4
7581,677119,1,2002-10-1
9819,860023,3,2002-7-15
5078,74407,4,2005-1-14
5988,369480,3,2006-7-24
7982,655922,5,2007-9-10
9819,535257,2,2007-9-15
3201,369480,4,2004-8-10
7581,764442,2,2006-1-26
1929,783174,3,2007-9-28
9232,300797,5,2000-1-15
8602,271289,4,2004-11-6
3201,655922,3,2004-1-2
9232,302499,5,2003-1-1
7859,520980,1,2006-4-21
1866,816098,4,2005-8-23
3201,987294,2,2006-8-9
4813,580922,1,2001-5-28
